0.000000
-0.120000
0.000000
-0.120000
0.000000
-0.120000
0.000000
-0.120000
0.000000
-0.120000
0.000000
-0.120000
0.000000
-0.120000
0.000000
-0.120000
0.000000
-0.120000
0.000000
-0.120000
0.000000
-0.120000
0.000000
-0.120000
0.000000
-0.120000
0.000000
-0.120000
0.000000
-0.120000
0.000000
-0.120000
0.000000
-0.120000
0.000000
-0.120000
0.000000
-0.120000
0.000000
-0.120000
0.000000
-0.120000
0.000000
-0.120000
0.000000
-0.120000
0.000000
-0.120000
0.000000
-0.120000
0.000000
-0.120000
0.000000
-0.120000
0.000000
-0.120000
0.000000
-0.120000
0.000000
-0.120000
0.000000
-0.120000
0.000000
-0.120000
0.000000
-0.120000
0.000000
-0.120000
0.000000
-0.120000
0.000000
-0.120000
0.000000
-0.120000
0.000000
-0.120000
0.000000
-0.120000
0.000000
-0.120000
0.000000
-0.120000
0.000000
-0.120000
0.000000
-0.120000
0.000000
-0.120000
0.000000
-0.120000
0.000000
-0.120000
0.000000
-0.120000
0.000000
-0.120000
0.000000
-0.120000
0.000000
-0.120000
