1.000000
-1.900000
-1.780000
0.000000
1.000000
-1.660000
0.000000
1.000000
-1.540000
0.000000
1.000000
-1.420000
0.000000
1.000000
-1.300000
0.000000
1.000000
-1.180000
0.000000
1.000000
-1.060000
0.000000
1.000000
-0.940000
0.000000
1.000000
-0.820000
0.000000
1.000000
-0.700000
0.000000
1.000000
-0.580000
0.000000
1.000000
-0.460000
0.000000
1.000000
-0.340000
0.000000
1.000000
-0.220000
0.000000
1.000000
-0.100000
0.000000
1.000000
0.020000
0.000000
1.000000
0.060000
0.000000
1.000000
0.100000
0.000000
1.000000
0.140000
0.000000
1.000000
0.180000
0.000000
1.000000
0.220000
0.000000
1.000000
0.260000
0.000000
1.000000
0.300000
0.000000
1.000000
0.340000
0.000000
1.000000
0.380000
0.000000
1.000000
0.420000
0.000000
1.000000
0.460000
0.000000
1.000000
0.500000
0.000000
1.000000
0.540000
0.000000
1.000000
0.580000
0.000000
1.000000
0.620000
0.000000
1.000000
0.660000
0.000000
1.000000
0.700000
0.000000
1.000000
0.740000
0.000000
1.000000
0.780000
0.000000
1.000000
0.820000
0.000000
1.000000
0.860000
0.000000
1.000000
0.900000
0.000000
1.000000
0.940000
0.000000
1.000000
0.980000
0.000000
1.000000
1.020000
0.000000
1.000000
1.060000
0.000000
1.000000
1.100000
0.000000
1.000000
1.140000
0.000000
1.000000
1.180000
0.000000
1.000000
1.220000
0.000000
1.000000
1.260000
0.000000
1.000000
1.300000
0.000000
1.000000
1.340000
0.000000
1.000000
1.380000
0.000000
1.000000
