6.95335e-310
6.95335e-310
4.63557e-310
4.63557e-310
0
0
0
6.09183e-321
4.63557e-310
6.95335e-310
0
0
1.97626e-323
2.47033e-323
2.96439e-323
3.45846e-323
3.95253e-323
4.44659e-323
4.94066e-323
5.43472e-323
5.92879e-323
6.42285e-323
6.91692e-323
7.41098e-323
7.90505e-323
8.39912e-323
8.89318e-323
9.38725e-323
9.88131e-323
1.03754e-322
1.08694e-322
1.13635e-322
1.18576e-322
1.23516e-322
1.28457e-322
1.33398e-322
1.38338e-322
1.43279e-322
1.4822e-322
1.5316e-322
1.58101e-322
1.63042e-322
1.67982e-322
1.72923e-322
1.77864e-322
1.82804e-322
1.87745e-322
1.92686e-322
1.97626e-322
2.02567e-322
2.07508e-322
2.12448e-322
2.17389e-322
2.2233e-322
2.2727e-322
2.32211e-322
2.37152e-322
2.42092e-322
2.47033e-322
0
0
0
0
0
0
0
0
0
0
0
0
0
0
0
0
0
0
0
0
0
0
0
0
0
0
0
0
0
0
0
0
0
0
0
0
0
0
0
0
0
0
0
0
0
0
0
0
0
0
0
0
0
0
0
0
0
0
0
0
0
0
0
0
0
0
0
0
0
0
0
0
0
0
0
0
0
0
0
0
0
0
0
0
0
0
0
0
0
0
0
0
0
